100 1733 0.35 47 25
27 28
9 42
34 72
58 87
39 90
55 97
37 49
19 84
13 77
35 43
5 67
34 46
23 96
27 57
38 45
24 26
42 62
12 91
23 36
55 75
2 42
37 71
44 79
35 80
17 95
3 81
6 80
11 19
62 97
41 42
66 85
4 10
35 40
48 81
35 62
55 83
77 94
26 70
48 85
6 24
0 74
32 44
71 92
28 50
23 79
41 73
16 90
9 64
13 42
18 51
3 11
25 79
53 61
1 13
50 99
3 91
44 62
4 7
71 83
29 88
8 97
32 76
2 48
36 47
10 67
0 18
6 41
3 13
24 76
0 41
5 17
46 54
52 53
24 71
1 29
25 76
14 52
17 74
5 40
24 73
35 56
11 48
40 69
54 76
54 92
8 38
28 86
56 99
19 95
18 22
27 62
44 57
51 78
20 58
30 94
0 73
68 74
10 64
36 43
20 55
48 96
15 64
34 85
39 96
42 79
18 24
19 25
71 86
34 59
0 93
48 63
32 98
5 90
36 92
60 63
39 46
29 94
31 88
7 46
89 90
40 41
85 92
1 52
36 64
43 80
66 69
23 70
50 74
87 92
35 52
7 69
51 55
4 34
73 97
7 18
93 96
40 74
20 45
72 85
28 90
52 65
6 83
82 84
23 52
48 88
32 43
31 77
3 37
3 29
24 62
81 96
61 73
28 61
43 92
2 35
28 80
45 50
44 88
63 71
30 98
57 67
26 71
43 93
52 61
9 27
12 69
9 18
29 53
4 44
5 68
12 15
24 68
29 46
49 77
3 78
57 99
46 84
26 49
0 88
15 70
6 75
20 50
11 53
52 72
36 54
58 71
4 33
15 82
41 93
63 79
17 45
27 54
72 94
36 50
90 92
5 7
23 44
22 58
56 85
29 83
82 87
1 22
8 73
3 73
23 66
43 99
81 89
39 88
18 87
55 99
1 60
40 75
36 79
63 78
47 71
25 52
1 99
33 49
13 17
60 78
81 94
19 47
41 46
7 65
53 73
4 75
51 89
38 58
6 67
43 74
1 64
34 66
71 77
18 74
44 48
87 99
20 99
59 67
47 67
70 80
90 94
29 54
64 80
64 84
1 2
84 88
16 66
23 64
46 97
42 72
30 67
13 81
1 7
45 77
72 80
26 87
64 72
39 77
85 94
35 48
2 25
30 48
24 31
6 60
28 95
45 97
24 77
5 84
30 64
6 34
29 37
1 3
89 92
25 36
46 77
41 91
19 87
10 41
6 70
25 47
12 26
21 93
35 64
21 68
30 59
12 19
13 52
1 59
36 85
12 24
64 92
9 92
0 57
21 65
39 59
49 69
45 69
15 59
71 89
24 51
27 65
73 78
1 38
17 92
29 96
47 92
85 95
14 19
19 50
73 77
60 73
17 68
0 86
56 90
49 76
15 44
2 86
30 90
15 51
23 34
55 80
51 73
21 33
52 55
41 80
4 48
10 23
42 50
20 79
36 75
73 75
45 84
53 68
45 86
32 62
38 72
46 70
65 96
4 70
69 71
49 61
7 91
9 66
33 69
37 67
77 82
60 81
29 69
12 99
14 82
27 68
83 84
10 90
19 78
13 95
59 90
65 81
25 92
11 79
27 64
55 69
62 72
10 27
45 88
27 36
57 64
16 17
10 83
55 96
25 33
3 94
33 53
71 90
43 85
1 93
28 92
2 9
27 41
44 51
9 21
3 48
69 81
36 62
14 61
91 94
27 94
13 93
45 53
17 53
57 94
1 77
15 57
44 58
0 52
84 91
4 65
13 28
35 58
61 72
6 51
29 89
0 6
35 50
15 24
31 80
19 36
27 67
54 65
15 22
8 59
8 18
19 52
3 36
9 99
11 18
82 93
30 87
8 68
7 61
52 80
4 6
12 42
46 89
15 33
88 96
19 92
9 12
14 32
19 27
70 98
5 79
51 58
19 71
7 53
31 60
19 23
1 70
67 88
62 67
16 96
37 82
44 46
28 94
34 39
16 93
43 50
29 62
48 53
6 42
5 44
15 36
59 96
75 87
67 96
55 66
8 90
44 81
12 64
14 70
21 53
18 36
58 91
7 72
37 79
9 22
83 94
61 64
53 95
37 98
22 90
38 85
59 63
38 46
6 50
10 35
32 37
20 71
18 78
1 97
54 58
63 74
10 37
38 99
5 48
48 75
63 72
28 33
16 73
35 78
57 96
9 35
52 68
55 76
24 49
14 96
23 74
6 69
51 80
2 7
70 79
78 89
26 32
92 96
8 25
36 68
4 55
39 66
53 91
28 57
9 54
12 16
6 20
3 84
14 28
67 97
7 34
27 42
13 66
28 73
61 88
17 38
30 93
28 97
52 81
54 87
24 27
59 69
22 59
53 84
14 94
14 16
34 91
96 99
61 96
48 78
24 88
88 99
28 53
5 95
0 99
8 17
6 78
19 86
70 72
13 67
35 61
48 51
21 86
8 50
39 98
4 90
14 39
81 92
10 91
28 64
17 55
79 90
53 66
19 77
45 47
1 94
14 44
68 95
66 78
88 93
29 87
23 61
3 53
2 88
7 13
96 98
8 21
80 93
47 80
12 71
37 60
21 92
23 72
8 19
50 54
65 92
4 74
76 97
6 81
12 84
11 29
7 49
16 60
18 84
3 10
61 95
30 33
83 98
36 93
19 68
41 56
1 20
7 33
46 91
33 95
64 69
20 29
27 96
73 89
4 61
2 46
4 89
66 96
9 20
25 39
35 82
9 95
67 73
19 54
40 53
84 93
5 88
49 53
13 27
24 46
6 53
6 38
38 47
51 74
85 88
4 14
10 63
38 65
46 90
20 91
3 97
37 53
17 70
39 53
35 91
2 89
7 44
77 97
64 99
74 76
77 80
36 96
50 92
33 71
36 70
58 74
0 2
33 94
25 35
46 62
0 11
22 68
65 77
29 40
68 81
10 26
68 76
7 52
62 82
82 85
50 64
4 79
13 31
13 61
16 55
29 90
16 95
19 40
0 79
73 74
57 97
33 66
75 85
11 60
6 88
15 29
56 84
41 47
41 87
0 20
3 79
14 97
54 59
27 78
33 76
10 81
12 56
43 89
0 48
39 84
69 82
9 62
16 42
24 79
73 90
69 86
43 64
59 70
42 80
42 68
28 91
1 73
13 74
34 41
5 89
5 30
93 99
91 99
0 3
63 85
12 98
22 44
35 83
6 58
41 98
42 87
3 80
25 63
58 92
82 92
5 27
90 99
7 62
18 40
65 82
15 52
12 86
31 78
26 75
38 78
13 18
30 92
35 60
9 49
61 77
7 31
8 91
67 82
83 99
9 31
46 86
7 81
55 60
31 65
55 86
9 11
25 98
20 38
36 52
65 71
63 83
13 57
27 98
3 61
53 75
49 74
64 68
6 65
17 33
11 76
36 99
13 55
36 98
39 72
10 40
22 53
58 88
37 90
41 84
56 96
44 93
7 95
18 39
40 48
5 41
16 28
7 76
18 35
12 93
9 96
57 87
26 57
68 83
46 75
4 45
45 63
55 71
82 83
81 93
63 87
9 98
32 75
6 97
8 79
33 56
33 43
65 98
23 89
21 31
34 58
1 39
53 76
31 45
49 97
35 94
22 66
16 58
62 70
8 87
80 89
79 89
8 86
12 78
78 83
43 53
53 83
16 45
37 45
9 80
12 50
18 71
17 47
6 37
76 81
56 82
44 64
16 63
30 85
6 76
27 97
2 11
2 31
21 26
69 74
4 24
34 52
2 28
49 98
14 95
80 88
4 21
41 72
0 51
13 26
14 43
18 62
12 81
49 83
63 82
22 33
71 76
82 86
51 91
2 27
3 19
85 97
13 63
3 83
56 74
21 37
20 66
7 47
21 41
5 64
17 49
10 98
10 60
18 63
53 80
41 50
18 73
24 53
65 93
78 86
64 82
69 99
4 87
41 57
53 56
26 42
62 71
66 90
38 83
7 96
65 76
45 60
77 87
1 95
45 55
56 64
54 84
30 31
59 95
65 79
79 80
11 21
12 83
21 46
56 87
9 52
22 45
60 76
2 12
42 51
75 88
25 82
35 66
0 25
3 20
41 59
3 9
0 50
12 96
69 96
19 94
66 79
11 73
13 92
56 63
26 52
0 34
25 55
6 21
16 92
38 57
8 99
2 79
58 81
43 59
8 37
69 73
18 47
19 98
30 73
16 34
23 75
65 86
20 97
38 40
37 78
17 86
17 78
22 31
85 96
31 33
8 49
75 94
40 46
4 57
42 60
18 94
30 35
22 78
64 91
33 85
34 73
65 84
17 72
54 68
15 78
17 21
12 25
24 65
38 60
15 94
2 29
5 74
77 98
45 56
56 91
87 90
68 75
69 80
13 99
1 40
15 55
9 79
34 77
11 52
60 99
72 90
92 93
46 92
27 48
21 50
59 76
12 33
29 92
23 85
9 30
65 88
1 96
32 53
13 59
26 82
9 10
70 71
74 94
22 46
7 55
21 72
9 15
84 87
2 75
21 88
19 24
35 47
34 53
50 73
30 61
46 81
77 89
15 18
33 38
16 20
33 44
65 80
39 70
9 36
12 73
47 62
85 91
0 32
14 49
37 56
84 92
12 13
65 87
8 96
21 74
41 83
34 48
25 97
76 80
44 66
68 72
78 99
13 46
55 57
61 67
34 70
58 73
26 72
28 48
52 96
15 87
25 42
49 88
14 23
39 85
9 19
61 70
70 93
62 96
24 69
2 4
63 75
5 96
22 77
1 98
84 90
14 77
32 66
43 52
48 54
4 11
28 72
16 89
74 89
29 71
43 94
57 59
22 51
41 85
6 74
91 95
4 42
84 95
3 4
35 51
71 97
20 95
39 55
11 87
22 69
25 62
9 97
21 40
13 54
1 78
10 13
31 50
23 76
30 52
4 64
76 77
9 50
41 94
39 87
75 89
7 32
8 36
24 25
40 62
70 74
62 94
68 96
8 40
75 80
5 97
43 79
80 91
84 97
56 70
14 41
1 31
30 86
24 74
73 88
37 63
12 34
8 54
43 96
47 63
41 97
46 52
68 92
25 31
4 85
31 83
71 82
16 65
12 46
36 37
58 62
9 39
13 15
45 89
6 55
15 90
66 80
32 88
33 83
50 67
42 57
60 94
1 49
14 67
30 55
59 62
3 59
14 54
53 97
10 32
11 37
32 81
11 44
1 36
43 98
62 87
33 79
18 59
11 16
8 70
15 37
44 71
27 75
46 51
15 68
26 84
7 89
31 70
58 78
41 43
4 60
28 66
30 46
77 81
10 44
89 93
24 50
64 88
6 94
20 73
39 71
1 19
49 96
44 70
13 70
68 85
81 82
70 91
48 79
15 58
32 46
5 31
8 81
10 65
5 83
53 64
34 54
81 97
13 19
34 57
22 60
18 79
30 71
81 83
17 27
17 39
7 83
60 83
17 48
25 26
51 65
17 84
80 84
23 38
12 17
10 93
4 8
11 85
34 92
36 59
6 46
12 92
24 66
36 80
72 97
41 49
27 66
77 79
7 70
34 99
32 35
25 43
12 39
61 92
26 83
32 89
18 92
7 25
39 43
5 62
50 91
94 96
3 85
34 67
2 92
23 86
30 81
45 85
38 77
37 52
41 75
65 85
66 87
13 49
44 45
27 51
6 56
35 54
27 70
55 89
49 68
0 70
48 80
12 77
47 48
36 67
26 98
0 81
62 73
12 27
36 63
76 85
27 93
62 86
18 89
11 27
48 76
22 56
59 79
32 68
19 85
60 97
28 68
59 65
21 78
58 93
23 68
62 88
37 83
16 19
42 53
47 79
6 63
4 95
55 64
24 35
10 20
74 97
47 90
25 78
54 81
26 95
21 64
7 51
37 62
14 93
14 91
20 82
88 98
43 84
35 88
66 82
31 39
3 76
22 34
34 44
7 9
12 45
18 48
40 95
69 83
18 43
11 33
17 69
25 68
44 97
20 63
55 91
51 84
27 47
50 61
61 89
12 29
64 67
5 42
39 86
2 15
2 77
40 88
13 96
51 79
61 93
9 69
15 79
77 92
37 38
54 83
65 67
57 68
5 73
40 42
7 35
30 49
34 60
16 98
37 59
82 97
40 54
11 90
85 90
37 44
68 86
19 29
13 32
10 49
94 98
45 79
52 74
3 55
2 14
5 43
31 98
34 94
76 94
29 80
28 62
3 35
47 88
31 46
19 30
80 95
24 87
48 62
69 76
91 97
12 82
8 42
8 61
1 76
9 83
26 55
11 25
61 71
34 50
37 40
29 63
82 88
78 81
29 98
6 52
46 69
36 76
9 55
30 42
35 72
18 29
45 75
2 90
33 55
33 82
31 96
22 50
30 91
5 55
13 58
70 75
5 93
37 55
18 76
6 89
62 64
10 59
27 29
35 89
56 71
38 70
18 54
71 93
32 58
47 59
26 30
6 79
58 76
36 65
9 48
0 63
70 94
6 86
33 90
17 43
17 32
42 83
46 67
55 87
24 82
26 28
22 52
40 65
9 37
53 94
39 50
19 43
46 58
56 97
24 95
42 54
56 94
0 56
13 75
33 50
70 84
36 41
26 78
1 47
11 99
11 46
8 88
36 45
18 67
57 84
8 39
3 88
3 51
19 79
7 97
82 95
55 88
5 77
33 42
51 66
56 69
20 41
31 40
34 93
3 8
0 96
42 78
12 95
48 58
20 51
27 44
17 56
51 90
20 46
20 25
88 97
0 46
82 98
42 81
0 19
30 45
38 55
26 66
2 19
46 50
46 95
49 89
9 85
72 74
70 76
36 95
0 22
20 22
7 39
64 81
11 66
18 98
0 1
54 98
77 93
60 71
35 55
21 55
66 86
47 78
58 63
8 52
20 98
50 62
14 48
37 94
55 61
2 36
49 75
67 89
75 95
10 14
10 80
50 88
26 50
55 59
3 5
36 53
71 85
78 84
56 79
36 61
4 31
1 83
54 56
8 20
25 30
57 93
23 57
67 69
65 95
35 74
83 93
45 62
54 91
1 33
64 98
16 91
41 69
31 43
50 57
20 70
57 58
8 84
28 44
36 97
18 60
39 41
40 90
32 40
33 63
46 49
26 81
62 75
5 11
71 80
5 63
52 78
18 49
5 25
6 72
33 92
69 72
30 38
27 72
38 91
35 68
20 57
31 59
20 35
21 61
1 68
20 26
0 37
28 54
5 32
9 13
23 56
24 63
89 96
5 99
39 54
76 78
15 75
8 62
51 60
37 69
22 42
67 98
53 82
5 26
9 72
43 86
67 91
7 78
14 22
21 42
3 63
31 49
12 43
66 72
51 83
35 99
7 21
69 95
17 64
27 83
10 36
25 94
10 89
12 76
9 77
46 76
20 54
18 75
38 44
2 61
21 23
0 35
16 38
70 87
39 45
49 62
41 67
6 82
8 76
22 71
67 68
59 87
2 56
67 92
10 51
28 82
40 47
4 91
31 44
63 65
67 79
58 69
46 59
42 55
12 88
33 59
12 74
40 68
32 79
58 94
7 30
44 85
26 40
89 98
55 81
49 70
67 84
17 54
5 78
43 90
38 74
80 99
35 95
59 78
56 95
31 69
12 67
14 71
19 28
8 55
22 29
36 82
12 38
8 31
37 93
51 68
71 91
72 79
22 39
28 59
28 55
4 88
44 95
4 96
23 83
3 75
1 23
62 92
10 21
9 41
14 30
82 99
20 42
19 96
31 41
3 30
44 86
8 72
15 95
9 91
25 67
24 89
4 47
5 75
21 24
51 96
21 52
